mean
AGE: 48.51809954751131
SEX: 1.4683257918552035
BMI: 26.37579185520364
BP: 94.64701357466065
S1: 189.14027149321268
S2: 115.43914027149319
S3: 49.78846153846154
S4: 4.070248868778281
S5: 4.641410859728506
S6: 91.26018099547511
Y: 152.13348416289594
Standard Deviation
AGE: 13.09419020798002
SEX: 0.49899573599220226
BMI: 4.413120855492464
BP: 13.815628311857537
S1: 34.568880126921385
S2: 30.378657550243783
S3: 12.919562419379742
S4: 1.288989285051803
S5: 0.5217992869003063
S6: 11.483322471735475
Y: 77.00574586945044
